0
128
256
383
509
632
753
871
986
1097
1203
1305
1401
1492
1578
1656
1729
1794
1853
1904
1947
1983
2011
2031
2043
2047
2043
2031
2011
1983
1947
1904
1853
1794
1729
1656
1578
1492
1401
1305
1203
1097
986
871
753
632
509
383
256
128
0
-129
-257
-384
-510
-633
-754
-872
-987
-1098
-1204
-1306
-1402
-1493
-1579
-1657
-1730
-1795
-1854
-1905
-1948
-1984
-2012
-2032
-2044
-2048
-2044
-2032
-2012
-1984
-1948
-1905
-1854
-1795
-1730
-1657
-1579
-1493
-1402
-1306
-1204
-1098
-987
-872
-754
-633
-510
-384
-257
-129
-1
